24
22
20
26
16
16
20
26
16
18
26
20
24
18
12
26
20
10
22
20
18
18
16
8
26
12
14
26
18
16
18
22
24
12
20
14
20
26
18
20
22
26
18
18
18
20
20
16
20
18
18
12
20
14
22
26
20
22
18
18
20
18
24
18
26
14
24
24
22
18
12
26
14
26
20
20
12
24
12
20
22
20
16
20
20
24
20
18
20
26
12
18
16
14
18
20
20
14
16
14
22
20
18
20
18
14
24
22
20
16
16
24
20
24
16
20
20
26
18
20
22
20
14
16
24
20
16
22
18
20
24
22
24
26
10
20
14
18
22
10
26
20
18
22
18
14
20
24
22
26
16
26
14
16
26
20
16
20
18
24
16
16
18
24
14
22
20
10
14
12
26
16
12
20
26
22
20
16
16
18
26
16
26
16
14
26
20
10
16
16
24
18
16
26
26
18
24
10
20
20
24
20
24
18
14
26
22
20
26
16
12
20
16
24
20
18
10
26
22
22
18
10
24
20
24
24
14
16
18
20
14
24
10
24
22
20
16
22
14
18
20
26
26
20
26
24
20
14
20
20
16
22
26
20
16
26
22
10
18
20
16
24
16
18
22
20
18
20
20
20
18
22
18
18
16
16
26
16
22
18
18
26
22
26
16
22
16
26
16
26
6
12
26
20
12
16
22
22
20
14
