24
22
18
24
16
16
22
26
16
12
26
18
24
20
12
20
20
10
20
20
14
18
16
8
26
12
14
26
16
16
18
20
24
10
22
14
20
26
16
16
18
24
18
20
18
22
20
18
16
18
18
14
20
14
20
22
20
20
16
20
20
18
24
18
24
16
24
24
22
18
12
24
12
26
20
26
12
24
12
20
22
24
16
20
12
24
20
18
20
26
16
16
12
14
18
20
22
16
18
14
18
20
18
18
18
16
24
22
20
16
16
26
22
24
16
18
20
26
18
20
22
20
14
16
18
20
16
22
18
20
24
22
26
24
10
20
20
22
24
14
26
22
20
22
18
16
18
24
22
24
14
26
14
12
26
20
16
18
18
26
16
8
18
26
14
22
20
10
14
12
26
18
8
18
26
24
22
16
16
18
24
14
26
16
14
26
20
10
18
16
26
18
18
26
26
16
24
10
20
20
24
20
24
16
22
24
22
18
24
16
12
20
16
24
20
18
10
26
16
22
18
10
18
20
24
24
12
22
24
22
18
24
10
24
22
20
16
22
14
16
20
24
26
20
24
24
20
14
20
20
16
22
26
22
16
22
22
10
20
24
14
24
18
20
20
20
24
22
20
18
18
22
18
18
16
16
26
18
20
18
18
26
22
26
16
24
16
26
16
22
6
16
26
24
12
16
22
22
20
10
