20
18
16
24
22
18
16
18
24
18
20
20
16
14
16
14
20
20
20
14
16
24
12
22
12
16
18
18
16
20
24
26
14
20
12
22
18
10
22
18
18
20
20
22
14
14
14
14
12
20
8
8
22
24
22
18
20
16
18
12
18
4
20
22
16
20
14
22
20
14
20
10
16
22
18
12
20
16
24
18
16
22
22
16
16
16
22
14
18
20
12
20
20
16
14
20
14
24
18
26
24
24
20
24
20
20
26
18
20
18
20
20
16
20
12
22
16
24
24
18
16
14
22
22
18
20
20
22
14
14
24
20
18
22
18
18
18
12
20
22
18
12
18
12
10
8
18
16
20
14
16
22
12
18
16
24
20
20
24
26
12
20
22
22
20
20
24
22
18
18
14
20
22
16
12
22
12
16
22
18
18
22
20
22
18
20
12
12
16
22
16
18
20
20
14
20
20
12
20
10
6
6
22
12
20
16
12
14
12
18
18
18
20
18
20
20
22
20
20
22
20
14
24
24
20
24
20
22
18
16
12
16
12
12
12
22
24
20
22
22
18
18
20
22
16
20
18
18
12
20
24
14
12
10
20
16
24
24
24
22
22
14
20
10
14
10
20
16
16
18
22
22
26
22
18
16
12
22
16
16
22
14
16
12
22
16
24
18
20
22
18
16
18
18
20
22
20
16
20
20
