14
20
18
22
22
22
20
18
26
16
12
26
20
26
26
24
20
18
22
20
26
22
20
14
18
20
22
22
18
24
22
18
20
26
22
26
22
24
20
18
20
18
24
20
22
18
26
26
20
26
24
24
24
14
24
24
22
22
16
20
14
18
24
20
20
12
22
20
18
24
24
20
24
20
22
20
18
24
22
26
24
26
22
18
20
20
24
18
26
20
26
22
16
18
24
24
18
16
22
24
20
16
20
20
14
24
22
24
26
26
22
26
22
14
20
22
12
18
26
16
22
18
26
26
18
12
24
12
24
22
20
24
16
26
18
18
26
24
20
24
20
14
24
26
24
22
26
26
14
26
18
16
24
24
26
24
14
22
16
24
24
20
20
18
16
18
16
22
26
20
16
22
20
26
14
16
20
26
26
12
24
24
24
26
18
18
16
26
24
26
18
18
18
22
22
16
22
22
22
24
20
22
18
22
14
16
26
22
24
22
24
20
26
20
26
24
20
20
12
20
22
20
22
18
18
18
22
26
26
22
26
26
24
26
16
16
20
16
26
26
26
26
22
14
22
20
20
20
24
18
24
20
22
26
22
26
22
16
18
16
24
24
14
26
24
18
26
20
20
26
24
24
26
26
20
22
26
20
26
24
24
26
24
26
18
18
14
22
20
22
24
22
24
26
20
14
12
20
22
14
