24
18
20
18
14
16
22
26
16
10
24
20
24
20
16
24
20
10
18
16
18
22
12
8
26
12
14
26
20
16
12
22
24
8
22
14
18
26
16
16
16
26
18
20
18
22
20
18
20
22
22
18
22
16
18
18
20
20
18
16
16
18
26
18
26
16
24
26
22
18
14
22
12
22
18
26
14
26
12
20
24
18
14
20
10
24
22
18
18
26
18
18
14
8
18
20
20
16
12
14
18
18
18
20
20
12
24
24
20
14
16
26
22
24
16
20
20
26
18
20
24
20
12
18
26
22
16
22
18
20
24
20
26
18
10
18
14
20
22
16
26
22
16
22
14
20
22
22
22
26
16
26
14
12
26
20
12
18
20
22
8
14
18
26
16
18
20
12
10
14
26
16
10
20
14
20
22
16
14
18
26
20
26
22
14
26
18
14
18
14
24
20
18
24
26
18
24
16
18
22
22
20
24
18
16
24
24
16
24
16
14
22
16
22
20
20
12
26
10
18
14
10
16
22
24
24
18
14
24
24
14
22
14
22
18
20
12
18
16
14
20
22
24
20
24
18
20
14
22
18
16
22
26
26
16
26
22
10
22
24
16
22
18
20
20
18
26
22
14
18
20
24
18
18
18
16
26
16
24
18
18
26
24
14
18
24
12
26
12
22
12
18
26
24
14
16
20
24
24
20
