12
18
22
16
24
18
18
20
22
14
14
18
20
22
22
10
20
18
20
20
22
12
18
18
20
16
18
14
16
20
6
20
16
18
16
22
16
20
4
16
14
18
12
20
6
16
16
20
18
20
16
24
16
10
22
16
22
24
14
18
20
18
16
20
16
16
10
14
20
18
16
20
18
24
20
18
12
16
18
16
24
20
22
14
20
16
18
16
12
18
20
12
24
22
14
20
16
18
18
14
12
16
18
14
22
12
20
12
4
20
12
14
20
20
20
18
16
16
20
14
24
22
10
22
20
18
20
22
8
6
18
20
18
16
18
20
12
20
22
18
20
18
18
24
16
20
10
14
10
22
18
22
16
22
26
16
10
14
18
22
10
22
16
16
18
20
24
12
20
16
12
20
8
20
14
20
22
22
22
18
16
18
4
24
8
14
22
20
14
20
22
20
18
18
10
20
22
22
24
18
22
22
10
14
12
12
18
20
22
4
14
14
14
20
20
22
16
12
14
22
22
18
22
12
14
22
18
18
14
22
18
18
14
20
20
18
18
22
22
18
14
10
16
26
16
22
14
16
20
24
22
14
16
18
18
22
24
16
22
16
20
16
20
26
16
16
18
16
16
18
18
18
18
22
14
20
22
18
26
14
20
20
22
14
20
26
16
16
8
22
12
24
22
24
14
14
16
18
20
14
