22
20
18
16
16
20
22
20
18
24
24
22
22
14
8
20
18
20
20
22
10
18
20
12
16
14
16
22
22
20
24
24
22
20
18
24
22
18
16
22
18
18
18
26
16
16
22
12
20
24
18
20
12
10
24
24
18
20
14
24
18
14
16
20
24
24
22
22
22
16
18
18
24
20
14
18
18
20
20
22
26
18
20
20
22
20
24
18
14
18
24
18
20
16
22
22
24
24
24
22
18
16
24
16
16
22
16
16
22
22
20
16
10
22
16
20
22
22
18
16
22
16
18
22
22
22
18
18
16
20
16
10
22
16
20
22
22
24
26
20
16
18
20
20
20
18
18
24
16
22
22
16
20
22
22
24
24
16
24
24
22
18
14
18
18
26
20
24
26
16
20
18
22
20
14
18
24
18
20
24
20
14
22
20
20
20
24
18
20
14
20
20
18
16
22
24
20
22
16
18
20
22
22
24
22
22
18
22
24
22
18
22
20
20
14
22
24
20
18
16
20
14
24
18
20
18
22
10
22
18
22
20
18
24
20
18
20
24
16
20
20
20
20
26
20
20
20
24
20
22
26
24
22
16
20
18
24
14
20
24
24
20
16
20
22
18
16
16
20
24
26
22
24
22
16
22
26
18
18
18
20
22
20
16
18
18
20
20
22
20
22
18
22
22
22
16
22
18
22
22
