18
22
12
22
24
26
20
18
22
18
24
26
24
20
20
16
22
18
16
12
26
20
24
24
20
16
22
22
18
18
24
18
18
26
22
20
18
14
26
18
26
20
24
18
24
20
18
22
14
26
22
24
10
20
20
16
14
26
24
26
14
16
24
20
26
20
22
20
20
20
26
12
26
22
26
18
22
14
18
20
14
20
18
22
18
22
26
26
16
24
18
18
22
16
20
18
10
24
24
24
22
18
26
20
20
10
16
14
16
24
26
20
22
26
22
24
22
20
22
18
20
22
12
20
18
24
20
26
14
18
18
18
24
20
24
24
22
22
24
18
18
20
20
16
20
22
18
26
14
16
20
20
18
22
22
24
22
16
12
14
20
20
14
20
18
22
18
18
18
26
24
24
16
14
26
22
16
20
22
14
20
18
16
20
20
26
22
26
20
26
22
24
22
22
20
24
18
20
18
20
24
22
20
24
22
16
20
14
22
18
22
20
16
22
18
14
20
18
18
22
24
16
22
20
20
20
22
22
20
22
20
20
18
24
16
18
22
18
18
24
18
20
20
24
20
20
20
18
24
26
22
14
20
20
22
18
20
18
22
22
22
16
26
20
20
22
20
20
22
22
26
24
22
16
22
22
18
22
22
20
24
20
16
22
20
24
16
22
20
18
24
22
12
20
22
16
16
20
26
20
