14
16
12
14
22
16
18
22
20
18
12
20
22
22
22
12
20
18
22
22
22
18
16
14
24
14
16
6
18
18
8
12
16
18
18
14
16
18
10
20
16
16
14
22
16
18
14
20
18
22
16
22
12
10
24
16
20
16
12
18
16
20
16
18
14
20
10
14
14
12
18
20
20
18
20
20
16
16
22
18
20
16
18
16
18
14
16
16
18
20
22
14
22
20
18
18
18
18
18
18
16
14
10
14
24
16
18
16
18
20
14
20
20
20
24
18
14
18
16
16
22
20
10
22
24
14
24
18
10
8
20
24
20
20
14
22
20
18
24
18
22
22
22
22
10
18
10
16
14
20
16
16
12
20
26
16
12
12
22
18
16
24
24
14
18
20
22
20
18
16
12
22
6
22
12
20
22
22
20
18
18
12
8
22
12
18
26
22
20
18
20
18
16
18
12
18
20
20
22
18
16
22
10
12
10
12
20
14
16
14
14
14
16
18
20
24
16
12
14
16
12
16
20
10
14
20
20
16
16
14
14
20
18
22
18
18
22
24
14
20
18
14
26
22
4
18
14
16
18
18
24
14
14
16
12
20
22
16
20
16
18
16
16
22
18
16
18
18
20
20
16
16
16
26
24
22
26
16
20
16
20
14
18
14
20
20
18
16
6
16
14
18
22
24
14
16
16
16
18
20
