16
26
20
24
20
20
16
22
20
20
22
16
18
18
20
12
22
20
16
16
12
20
16
18
18
16
16
14
14
20
16
22
14
20
14
20
20
8
16
20
10
16
18
24
20
16
16
18
18
22
14
18
20
18
22
18
20
14
14
14
20
6
10
22
16
14
16
20
20
18
10
10
14
20
10
22
20
18
20
20
18
22
22
18
16
18
20
14
16
20
22
20
20
14
16
22
18
20
16
24
22
20
14
18
22
16
22
12
22
20
18
18
18
18
12
24
18
22
18
20
18
16
20
22
18
22
20
22
16
14
22
12
22
12
18
20
16
20
20
18
20
14
18
12
10
14
18
22
20
12
12
22
16
16
16
24
20
24
24
24
10
20
18
20
20
16
20
22
14
16
20
20
14
20
14
22
12
18
22
12
22
18
20
20
20
24
12
14
20
18
18
18
20
16
14
16
22
16
16
10
14
8
20
12
24
16
12
20
20
20
16
16
20
16
20
22
16
18
16
22
20
22
12
24
20
22
22
22
14
16
10
20
16
12
14
18
24
22
14
20
16
20
12
26
14
18
18
20
18
22
20
8
12
16
18
18
20
20
24
20
18
12
18
12
18
18
14
18
20
18
22
20
22
18
22
16
10
14
12
8
20
14
12
14
20
14
20
18
24
20
14
12
16
18
16
20
16
18
20
10
