16
24
24
20
22
22
16
16
22
18
16
26
22
26
26
26
18
18
22
18
24
26
22
10
20
20
20
22
22
18
20
18
18
26
10
26
20
24
24
24
26
20
22
20
22
20
26
26
22
24
16
24
24
16
22
24
20
24
16
20
14
20
26
20
22
16
20
24
18
22
24
20
22
24
22
18
20
22
22
24
24
26
22
22
24
18
26
20
26
20
26
20
18
14
24
20
16
20
22
22
22
20
20
20
12
24
20
24
24
20
26
26
24
16
20
22
20
26
26
16
22
18
24
22
16
10
22
12
20
24
20
24
20
24
20
20
26
22
18
18
20
18
26
26
16
18
24
26
18
20
16
16
22
20
26
24
22
18
18
22
20
20
24
24
16
20
22
20
20
18
18
16
24
24
10
16
26
26
26
12
24
24
26
22
16
18
22
18
22
22
20
22
12
22
22
18
22
24
24
26
22
22
16
14
24
16
26
18
24
24
26
18
26
22
26
26
18
16
18
26
26
18
20
18
22
22
24
26
24
22
20
26
24
24
18
18
24
16
16
26
18
20
22
16
20
14
22
20
22
18
24
24
10
26
22
24
20
22
20
18
20
18
22
24
26
18
26
20
20
26
24
24
26
24
18
26
18
18
24
24
20
26
24
22
18
16
10
18
20
24
24
20
22
26
18
16
12
22
22
14
