20
18
22
20
22
26
18
22
22
16
22
26
24
16
14
14
20
10
16
12
26
16
22
24
18
16
22
16
22
24
26
18
24
14
22
18
20
14
24
18
22
20
22
16
22
20
20
22
20
14
22
18
12
26
20
20
24
26
20
24
14
22
24
20
26
22
22
20
18
20
26
12
26
22
26
18
22
14
20
22
16
18
18
16
20
16
26
26
22
18
18
16
20
14
22
16
20
24
26
24
24
18
26
20
24
14
20
12
14
24
26
22
20
18
22
24
24
22
18
20
24
22
18
22
14
24
18
26
16
14
16
16
22
16
24
20
22
18
20
18
22
20
20
16
22
22
18
26
14
16
18
22
18
20
20
24
16
16
16
14
22
14
14
16
18
24
14
18
20
22
22
22
16
18
26
22
16
20
20
14
18
20
20
18
16
22
18
26
20
26
20
22
24
16
20
22
10
12
20
20
24
20
20
24
16
14
24
12
18
22
22
22
12
20
16
14
22
18
18
16
24
20
22
22
24
24
20
22
20
22
20
24
18
26
18
18
24
14
20
26
24
20
18
22
20
22
22
18
24
26
16
10
20
20
26
14
20
18
22
22
22
18
16
20
22
20
22
20
22
18
20
24
18
16
18
24
20
18
22
16
24
26
16
22
18
24
16
22
20
20
24
24
14
18
22
24
16
16
26
20
