20
20
22
20
22
18
22
18
22
18
22
20
24
18
18
14
20
16
16
12
26
16
24
24
20
14
22
10
20
20
26
22
24
18
20
18
20
14
24
26
24
20
22
12
24
20
20
22
16
20
22
20
10
26
18
16
12
26
18
26
14
22
22
20
26
22
22
22
20
18
26
20
26
22
24
20
24
14
20
22
20
18
18
22
20
16
26
26
22
14
18
16
22
18
22
16
20
24
26
20
26
20
26
22
24
18
20
18
18
24
26
22
20
18
16
26
22
18
22
20
24
22
18
22
18
24
18
26
16
14
16
18
22
18
24
22
20
18
26
18
24
20
20
16
24
22
18
24
18
18
20
18
18
22
20
24
20
14
14
10
20
18
14
20
20
24
24
22
20
20
22
20
16
18
26
22
18
20
18
10
18
24
20
20
20
22
16
26
20
26
24
22
24
22
20
24
14
16
20
20
24
22
18
24
16
16
24
14
18
16
22
22
20
16
16
14
22
18
18
14
24
20
18
22
22
24
22
20
20
22
20
24
18
26
16
18
22
16
18
18
24
16
18
24
20
24
16
18
18
26
22
14
22
20
26
20
20
18
22
22
20
16
20
20
20
22
22
20
16
18
22
24
16
16
18
24
18
18
22
12
22
24
16
22
14
24
14
20
20
16
22
24
14
18
22
22
16
18
24
26
