18
20
16
22
24
20
14
18
22
16
20
20
18
16
16
10
14
10
16
20
12
18
12
18
16
16
14
16
18
18
20
20
14
18
12
20
22
8
24
18
12
16
22
24
18
14
16
18
16
22
14
18
22
22
24
16
22
16
12
4
20
6
14
18
16
12
16
18
22
12
8
10
18
20
10
22
20
18
22
20
18
22
16
18
16
20
18
10
16
20
22
22
20
16
18
20
20
20
18
24
24
20
16
22
22
26
22
16
16
20
18
18
16
22
12
22
16
18
24
20
18
16
22
22
20
20
24
22
10
14
24
6
22
18
20
18
16
22
18
18
20
16
18
14
12
18
18
20
20
12
12
24
16
18
18
20
20
22
26
22
8
20
14
20
22
16
26
22
14
14
18
18
16
22
22
22
14
18
22
12
22
18
20
18
18
24
10
8
20
20
22
18
18
18
10
18
20
16
24
16
14
16
22
8
22
10
12
20
22
20
16
22
20
18
14
18
16
18
14
22
20
22
14
22
20
22
22
16
14
10
10
22
16
16
16
16
24
22
14
20
16
20
16
24
16
18
20
20
18
16
20
12
12
22
20
18
22
20
24
20
16
14
16
16
20
22
16
18
20
18
22
18
22
18
20
16
16
16
10
4
18
18
14
10
18
16
22
18
24
24
16
12
16
18
18
22
20
18
18
12
